C2 = 1.26915503141054e-06;
C3 = 0.178562738125068;