A1 = 4.16388786032631;
A2 = -1.04717507118149;
A3 = 6.26463009926083e-05;
A4 = 0.00381598743462646;
A5 = 0.0120900228205833;
A6 = 0.97812874057426;
B1 = 3.6113707591921;
B2 = 1.04717420942798;
B3 = 5.60644975557271e-05;
B4 = -0.00261427526699686;
B5 = 0.155305010575101;
B6 = 3.04504061046579;
C1 = -0.0014874625744919;
C2 = 1.39597120118814e-06;
C3 = 0.16071935691233;