% result from parameter estimation
J_yy  = 0.142533306974766;
b     = 1.30238026482341e-05;
d_cg  = 0.251635071943612;
h_cg  = 0.0335128405392163;
miu_k = 1.39726024883262e-05;
r_y   = 6.80104645207194e-05;