% result from parameter estimation
J_yy  = 0.179530810307394;