% result from parameter estimation
B1 = 4.36026813860301;
B3 =  6.9083e-05;
B5 = 0.595980110229882;
B6 = 4.42876359313229;