% roll paraameter
A1 = 6.52172868745337;
A3 = 5.18692283683343e-05;
A4 = 0.00249993776857667;
A5 = -0.259645819519501;
A6 = 1.37409031322133;
% pitch parameter
B1 = 4.36026813860301;
B3 =  6.9083e-05;
B4 = -0.00274841569825112;
B5 = 0.595980110229882;
B6 = 4.42876359313229;