% result from parameter estimation
B1 = 3.69081774137;
B3 = 3.57436364576761e-05;
B5 = 0.0101662235351206;
Ba = 3.49728; % my moment