% result from parameter estimation motor less
A1 = 0.209594189384149;
A5 = -0.645459405239415;
A6 = 0.470203252744118;
