% result from parameter estimation
B1 = 6.10010206459379;
B3 = 7.84000901169304e-05;
B5 = 0.00610003464307157;
B6 = 5.64396779825772;