A1 = 4.93163570374274;
A3 = 5.47152669333699e-05;
A5 = 0.0125333531540169;
A6 = 0.3633;