% load data
QuadConstants;
% load('20-Dec-2021-01-16-27-noise_ite10005.mat');
weighting_matrix =[11.9993    4.6516   11.5730    3.9309    0.1258];
