Gamma1 = 4.98954110218396e-06;
Gamma2 = 0.00290613207976024;
Gamma3 = 42.1805100768496;
Gamma4 = 0.000237183411278011;
Gamma5 = -0.00234577516229748;
Gamma6 = 2.52935414320957;
Gamma7 = 0.000224057181768728;
Gamma8 = 18.4688604256806;
Gamma9 = 0.00216966508125569;
Gamma10 = -1.44562619785504e-05;
Gamma11 = 24.4566929368231;