% roll paraameter
A1 = 4.62576573735484;
A3 = 5.47149559872898e-05;
A4 = 0.0042389046279626;
A5 = 0.01253355441940169;
A6 = 1.46696966839619;
% pitch parameter
B1 = 4.01246924394844;
B3 = 5.84007299606944e-05;
B4 = -0.00290399920830275;
B5 = 0.177769573218896;
B6 = 3.5275452670017;