% result from parameter estimation
A1 = 4.15251143915334;
A3 = 5.47155214449663e-05;
A5 = -0.190519012324815;
A6 = 0.650604724883013;