% result from parameter estimation
B1 = 3.24098484589471;
B3 = 5.24682602251308e-05;
B4 = -0.00426627416623687;
B5 = 0.171406679098153;
B6 = 3.38333711326421;