A1 = 4.62576573735484;
A3 = 5.47149559872898e-05;
A5 = 0.01253355441940169;
A6 = 0.628891443554123;