% roll paraameter
A1 = 4.62576573735484;
A3 = 5.47149559872898e-05;
A4 = -0.00135317872895202;
A5 = 0.01253355441940169;
A6 = 0.628891443554123;
% pitch parameter
B1 = 3.24098484589471;
B3 = 5.24682602251308e-05;
B4 = -0.00426627416623687;
B5 = 0.171406679098153;
B6 = 3.38333711326421;