J_zz = 4.03831431783731;
r_z  = -14.662327587302;