% roll paraameter
A1 = 6.52172868745337;
A2 = -1.56517460219627;
A3 = 5.18692283683343e-05;
A4 = 0.00249993776857667;
% A5 = -0.259645819519501;
A6 = 1.37409031322133;
% pitch parameter
B1 = 4.36026813860301;
B2 = 1.57068812881144;
B3 =  6.9083e-05;
B4 = -0.00274841569825112;
B5 = 0.595980110229882;
B6 = 4.42876359313229;
% yaw parameter
C1 = 0.0856557051952501;
C2 = 1.26915503141054e-06;
C3 = 0.178562738125068;