J_xx  = 0.0499939805415472;
b     = 8.83999764359809e-06;
d_cg  = 0.20200148352472;
h_cg  = 0.00359057707722212;
m1    = 0.785964246706101;
miu_k = -0.00153044660767742;
r_x   = 0.00616411882172621;