% result from parameter estimation motor less
A1 = 4.15251143915334;
A5 = -0.190519012324815;
A6 = 0.650604724883013;
